68,-12,53,-8,-8,53,-12,68,
-12,-62,-33,-7,-7,-33,-62,-12,
53,-33,26,8,8,26,-33,53,
-8,-7,8,-18,-18,8,-7,-8,
-8,-7,8,-18,-18,8,-7,-8,
53,-33,26,8,8,26,-33,53,
-12,-62,-33,-7,-7,-33,-62,-12,
68,-12,53,-8,-8,53,-12,68,